30414
32474
33504
33945
34092
34436
34534
34779
34975
35220
35318
35417
35417
35662
35858
35564
36005
36005
36005
36005
36201
35858
35662
35809
35662
35809
37084
37820
38310
38850
38997
39242
38212
38114
37869
37771
37673
37918
37869
37869
38261
38506
38261
38114
38212
38310
38016
38065
38065
38163
38114
37869
37673
37574
37427
37525
38016
39046
39732
40173
40418
40762
40713
38850
38212
38359
38408
38899
38114
37182
36545
36152
36005
35809
35564
35466
35613
35318
35122
35122
34975
34975
34779
34730
34828
34730
34730
34583
34632
34534
