27864
27766
27864
27913
27864
27913
27864
28207
28109
28158
28305
28354
28747
28747
28845
28992
29139
29237
29581
29581
29679
29728
29826
29875
30071
30120
30267
31836
31689
31248
31003
31248
31150
31248
31395
31444
31542
31640
31738
31984
32033
32180
32229
32278
32376
32425
32523
32523
32621
32572
33308
32915
32866
32719
32621
32523
32425
32229
32229
32033
31935
31836
31787
31689
31591
31542
31444
31346
31297
31346
31199
31150
31052
31052
30954
30856
30905
30807
30807
30758
30659
30610
30561
31052
30807
30610
30561
30365
30365
30414
